# oST version 5.0 parameters


[image]

width
320

height
240

[narrow_stereo]

camera matrix
424.885573 0.000000 151.318826
0.000000 425.188630 117.382617
0.000000 0.000000 1.000000

distortion
0.090674 -0.449515 -0.005424 -0.000399 0.000000

rectification
1.000000 0.000000 0.000000
0.000000 1.000000 0.000000
0.000000 0.000000 1.000000

projection
426.732941 0.000000 151.121874 0.000000
0.000000 427.164581 116.784229 0.000000
0.000000 0.000000 1.000000 0.000000
